0 497.161957 4.552048 0.286000
1 490.739166 10.323905 0.936943
2 476.360626 23.226116 2.413261
3 444.960449 51.304962 5.734596
4 380.171570 108.757240 13.071206
5 262.828491 210.548035 28.623493
6 105.776550 337.491608 58.731865
7 4.461937 390.544922 106.993164
8 -0.483608 339.642548 162.841095
9 -0.017448 290.607513 211.409973
10 -0.003058 249.036255 252.966858
11 -0.000897 213.421906 288.579041
12 -0.000354 182.902023 319.098389
13 -0.000170 156.746857 345.253387
14 -0.000094 134.331985 367.668182
15 -0.000058 115.122475 386.877655
16 -0.000039 98.659943 403.340179
17 -0.000028 84.551559 417.448547
18 -0.000022 72.460678 429.539429
19 -0.000017 62.098797 439.901306
20 -0.000014 53.218666 448.781433
21 -0.000012 45.608395 456.391693
22 -0.000010 39.086391 462.913696
23 -0.000009 33.497036 468.503052
24 -0.000008 28.706959 473.293121
25 -0.000008 24.601864 477.398224
26 -0.000007 21.083797 480.916290
27 -0.000007 18.068813 483.931274
28 -0.000006 15.484973 486.515106
29 -0.000006 13.270621 488.729462
30 -0.000006 11.372922 490.627167
31 -0.000006 9.746593 492.253510
32 -0.000006 8.352831 493.647278
33 -0.000005 7.158376 494.841736
34 -0.000005 6.134728 495.865387
35 -0.000005 5.257462 496.742645
36 -0.000005 4.505644 497.494476
37 -0.000005 3.861337 498.138794
38 -0.000005 3.309166 498.690979
39 -0.000005 2.835955 499.164185
40 -0.000005 2.430413 499.569733
41 -0.000005 2.082864 499.917267
42 -0.000005 1.785015 500.215118
43 -0.000005 1.529757 500.470367
44 -0.000005 1.311002 500.689117
45 -0.000005 1.123529 500.876587
46 -0.000005 0.962864 501.037262
47 -0.000005 0.825175 501.174957
48 -0.000005 0.707175 501.292969
49 -0.000005 0.606049 501.394104
50 -0.000005 0.519384 501.480774
51 -0.000005 0.445112 501.555054
52 -0.000005 0.381461 501.618713
53 -0.000005 0.326912 501.673248
54 -0.000005 0.280164 501.720001
55 -0.000005 0.240100 501.760071
56 -0.000005 0.205766 501.794403
57 -0.000005 0.176341 501.823822
58 -0.000005 0.151124 501.849030
59 -0.000005 0.129514 501.870636
60 -0.000005 0.110993 501.889160
61 -0.000005 0.095121 501.905029
62 -0.000005 0.081519 501.918640
63 -0.000005 0.069862 501.930298
64 -0.000005 0.059871 501.940277
65 -0.000005 0.051310 501.948853
66 -0.000005 0.043973 501.956177
67 -0.000005 0.037684 501.962463
68 -0.000005 0.032296 501.967865
69 -0.000005 0.027677 501.972473
70 -0.000005 0.023719 501.976440
71 -0.000005 0.020328 501.979828
72 -0.000005 0.017421 501.982727
73 -0.000005 0.014930 501.985229
74 -0.000005 0.012795 501.987366
75 -0.000005 0.010965 501.989197
76 -0.000005 0.009397 501.990753
77 -0.000005 0.008053 501.992096
78 -0.000005 0.006902 501.993256
79 -0.000005 0.005915 501.994232
80 -0.000005 0.005069 501.995087
81 -0.000005 0.004344 501.995819
82 -0.000005 0.003723 501.996429
83 -0.000005 0.003190 501.996948
84 -0.000005 0.002734 501.997406
85 -0.000005 0.002343 501.997803
86 -0.000005 0.002008 501.998138
87 -0.000005 0.001721 501.998413
88 -0.000005 0.001475 501.998657
89 -0.000005 0.001264 501.998871
90 -0.000005 0.001083 501.999054
91 -0.000005 0.000928 501.999207
92 -0.000005 0.000796 501.999329
93 -0.000005 0.000682 501.999451
94 -0.000005 0.000584 501.999542
95 -0.000005 0.000501 501.999634
96 -0.000005 0.000429 501.999695
97 -0.000005 0.000368 501.999756
98 -0.000005 0.000315 501.999817
99 -0.000005 0.000270 501.999847
