# time S I R
0.000000 1000 1 0
0.041021 999 2 0
7.952922 999 1 1
8.013459 998 2 1
8.028569 997 3 1
9.633509 996 4 1
14.742116 996 3 2
18.515521 995 4 2
19.639232 995 3 3
20.120038 995 2 4
27.351967 994 3 4
27.487196 993 4 4
28.907053 992 5 4
31.411944 992 4 5
32.255759 991 5 5
33.311589 990 6 5
34.497894 989 7 5
34.816702 989 6 6
35.761200 988 7 6
37.631241 987 8 6
38.015867 987 7 7
38.986291 986 8 7
39.738827 985 9 7
40.687284 984 10 7
41.934202 983 11 7
42.856597 983 10 8
43.431886 982 11 8
43.829710 982 10 9
43.904711 981 11 9
45.181128 980 12 9
45.594512 979 13 9
46.262041 978 14 9
46.695401 977 15 9
46.724268 976 16 9
46.941785 976 15 10
46.952653 975 16 10
47.632387 974 17 10
47.743721 973 18 10
47.916581 972 19 10
48.474182 971 20 10
48.491067 970 21 10
48.497406 969 22 10
48.521749 968 23 10
48.611339 968 22 11
48.761981 968 21 12
49.194012 968 20 13
49.249145 967 21 13
49.564333 967 20 14
49.872493 967 19 15
50.261144 966 20 15
50.748929 965 21 15
50.836400 964 22 15
50.970086 964 21 16
51.080058 964 20 17
51.219988 963 21 17
51.225074 962 22 17
51.426362 962 21 18
51.880118 961 22 18
52.033622 961 21 19
52.796760 960 22 19
52.932042 959 23 19
53.081690 959 22 20
53.284448 958 23 20
53.485924 957 24 20
53.643588 957 23 21
53.811445 957 22 22
53.916922 956 23 22
54.334437 956 22 23
54.929377 955 23 23
55.341114 954 24 23
55.852176 953 25 23
56.523216 953 24 24
56.616972 952 25 24
57.120699 951 26 24
57.541725 950 27 24
57.685349 950 26 25
58.031369 949 27 25
58.514108 948 28 25
59.514270 947 29 25
59.543390 946 30 25
59.766669 946 29 26
60.095598 946 28 27
60.667469 946 27 28
60.783813 945 28 28
61.395239 944 29 28
61.638767 943 30 28
61.786057 943 29 29
61.966055 943 28 30
62.087637 942 29 30
62.134533 941 30 30
62.583381 940 31 30
62.696282 939 32 30
62.700053 938 33 30
62.728487 937 34 30
62.839751 936 35 30
63.166655 936 34 31
63.312059 935 35 31
63.317491 935 34 32
63.653953 934 35 32
63.753687 933 36 32
64.289527 932 37 32
64.290549 931 38 32
64.320958 930 39 32
64.426372 929 40 32
64.554224 928 41 32
64.756987 928 40 33
64.850619 927 41 33
65.225268 926 42 33
65.341823 925 43 33
65.397091 925 42 34
65.690078 924 43 34
65.776480 924 42 35
65.812207 924 41 36
66.023608 923 42 36
66.134857 922 43 36
66.327458 921 44 36
66.342558 920 45 36
66.741039 919 46 36
66.749507 919 45 37
66.979135 918 46 37
67.006827 918 45 38
67.073871 917 46 38
67.212062 916 47 38
67.324156 915 48 38
67.366519 915 47 39
67.449163 914 48 39
67.558736 913 49 39
67.611071 912 50 39
67.726891 912 49 40
67.772009 912 48 41
67.951721 912 47 42
68.107197 911 48 42
68.166630 911 47 43
68.269534 910 48 43
68.418758 910 47 44
68.442423 910 46 45
68.585681 909 47 45
68.606199 909 46 46
68.854784 908 47 46
68.947311 908 46 47
68.964767 907 47 47
69.125799 906 48 47
69.143670 905 49 47
69.216299 905 48 48
69.263790 904 49 48
69.297986 903 50 48
69.399107 902 51 48
69.424160 902 50 49
69.496648 901 51 49
69.774168 900 52 49
69.914424 899 53 49
70.098939 898 54 49
70.398628 897 55 49
70.405667 896 56 49
70.568860 896 55 50
70.628138 896 54 51
70.788406 895 55 51
70.807766 895 54 52
70.893526 895 53 53
70.910520 894 54 53
71.116214 894 53 54
71.126011 894 52 55
71.161106 893 53 55
71.324032 892 54 55
71.544898 892 53 56
71.574122 891 54 56
71.586468 891 53 57
71.629964 890 54 57
71.908831 890 53 58
71.935244 889 54 58
71.987277 889 53 59
72.071272 888 54 59
72.149217 887 55 59
72.156784 887 54 60
72.355772 887 53 61
72.436540 886 54 61
72.489701 885 55 61
72.560384 885 54 62
72.643410 884 55 62
72.677468 883 56 62
72.936980 882 57 62
73.085628 881 58 62
73.127700 880 59 62
73.548651 879 60 62
73.570863 879 59 63
73.678330 878 60 63
73.913272 877 61 63
73.992931 876 62 63
74.079272 875 63 63
74.192637 875 62 64
74.263770 874 63 64
74.512293 873 64 64
74.783465 872 65 64
74.994745 871 66 64
75.007842 870 67 64
75.040527 870 66 65
75.155983 869 67 65
75.251070 868 68 65
75.433944 867 69 65
75.528941 867 68 66
75.549131 866 69 66
75.600753 865 70 66
75.800587 864 71 66
75.932165 864 70 67
76.183793 864 69 68
76.194206 864 68 69
76.224032 863 69 69
76.289222 862 70 69
76.329352 861 71 69
76.878822 861 70 70
76.922973 860 71 70
77.107949 859 72 70
77.109834 858 73 70
77.124227 857 74 70
77.203605 856 75 70
77.261557 856 74 71
77.268702 855 75 71
77.397454 854 76 71
77.409923 854 75 72
77.738924 853 76 72
77.782385 852 77 72
77.911236 851 78 72
77.925851 850 79 72
78.050548 849 80 72
78.063707 848 81 72
78.130690 847 82 72
78.215883 846 83 72
78.281480 845 84 72
78.367318 844 85 72
78.456062 844 84 73
78.543953 843 85 73
78.582689 842 86 73
78.734335 842 85 74
78.872564 841 86 74
78.994705 841 85 75
79.066278 840 86 75
79.111829 840 85 76
79.291360 840 84 77
79.343867 839 85 77
79.489835 839 84 78
79.598641 838 85 78
79.609062 838 84 79
79.701102 837 85 79
79.749531 836 86 79
79.934558 835 87 79
79.981448 834 88 79
80.038173 834 87 80
80.138687 833 88 80
80.156405 833 87 81
80.288666 832 88 81
80.300673 831 89 81
80.339433 830 90 81
80.377916 829 91 81
80.524810 828 92 81
80.629500 827 93 81
80.659372 826 94 81
80.674742 825 95 81
80.729492 824 96 81
80.778368 823 97 81
80.793618 823 96 82
80.793935 822 97 82
80.935909 822 96 83
81.075719 821 97 83
81.107058 821 96 84
81.196911 820 97 84
81.419431 819 98 84
81.600223 818 99 84
81.721896 817 100 84
81.753394 817 99 85
82.117298 816 100 85
82.247603 815 101 85
82.284541 815 100 86
82.330707 814 101 86
82.373403 814 100 87
82.407407 814 99 88
82.635127 814 98 89
82.933581 814 97 90
82.959285 814 96 91
83.043256 814 95 92
83.141602 813 96 92
83.216548 812 97 92
83.277138 812 96 93
83.277807 811 97 93
83.393664 811 96 94
83.411175 811 95 95
83.524345 810 96 95
83.688536 809 97 95
83.793722 808 98 95
83.815798 808 97 96
83.911175 807 98 96
84.103497 807 97 97
84.148023 807 96 98
84.215836 807 95 99
84.230181 806 96 99
84.250776 805 97 99
84.367472 804 98 99
84.373175 803 99 99
84.532855 802 100 99
84.616731 801 101 99
84.724121 801 100 100
84.795197 800 101 100
84.857537 799 102 100
84.883872 798 103 100
84.948057 797 104 100
84.950187 796 105 100
84.959867 795 106 100
85.265002 794 107 100
85.404334 794 106 101
85.434329 794 105 102
85.641135 794 104 103
85.649561 793 105 103
85.650334 792 106 103
85.842119 791 107 103
85.865938 790 108 103
85.899199 789 109 103
85.996420 788 110 103
86.403143 787 111 103
86.544330 787 110 104
86.650899 786 111 104
86.725691 785 112 104
86.730110 784 113 104
86.784568 784 112 105
86.870701 783 113 105
87.132341 782 114 105
87.195534 781 115 105
87.202009 780 116 105
87.211190 780 115 106
87.250589 779 116 106
87.372017 778 117 106
87.380994 777 118 106
87.539369 776 119 106
87.559347 775 120 106
87.619269 774 121 106
87.631909 774 120 107
87.655390 774 119 108
87.675231 773 120 108
87.707441 772 121 108
87.830861 771 122 108
87.877146 771 121 109
87.883267 771 120 110
87.926431 770 121 110
87.935469 769 122 110
87.968973 769 121 111
88.030072 768 122 111
88.046548 767 123 111
88.151122 767 122 112
88.177789 766 123 112
88.206700 765 124 112
88.241055 765 123 113
88.242213 765 122 114
88.250510 765 121 115
88.265142 765 120 116
88.382949 765 119 117
88.578339 764 120 117
88.584774 763 121 117
88.585656 762 122 117
88.717830 761 123 117
88.776915 761 122 118
88.803599 761 121 119
88.862924 760 122 119
88.887243 759 123 119
88.974851 758 124 119
88.975053 758 123 120
89.040101 757 124 120
89.056906 757 123 121
89.249622 756 124 121
89.344779 756 123 122
89.457132 755 124 122
89.888201 754 125 122
89.984617 753 126 122
90.020938 752 127 122
90.027629 752 126 123
90.064265 752 125 124
90.069425 751 126 124
90.127929 751 125 125
90.128657 750 126 125
90.134717 749 127 125
90.166851 748 128 125
90.213902 747 129 125
90.227468 747 128 126
90.286055 747 127 127
90.338191 746 128 127
90.343354 745 129 127
90.343680 745 128 128
90.363659 744 129 128
90.387763 743 130 128
90.489676 742 131 128
90.506255 741 132 128
90.569920 741 131 129
90.581300 741 130 130
90.592245 740 131 130
90.972550 739 132 130
90.997866 739 131 131
91.016755 739 130 132
91.122883 739 129 133
91.197553 738 130 133
91.337332 738 129 134
91.378138 737 130 134
91.387499 737 129 135
91.397877 737 128 136
91.506781 737 127 137
91.561477 737 126 138
91.650898 737 125 139
91.767516 737 124 140
91.853522 736 125 140
91.899956 736 124 141
91.919316 736 123 142
91.936364 735 124 142
91.998478 734 125 142
92.124755 733 126 142
92.128859 733 125 143
92.153666 732 126 143
92.169662 732 125 144
92.197939 731 126 144
92.224434 730 127 144
92.239091 729 128 144
92.296445 728 129 144
92.351655 727 130 144
92.358076 726 131 144
92.473679 726 130 145
92.552014 725 131 145
92.645251 725 130 146
92.678349 724 131 146
92.826444 723 132 146
92.844614 722 133 146
92.925497 721 134 146
93.004332 720 135 146
93.093820 719 136 146
93.134776 719 135 147
93.258521 719 134 148
93.283413 718 135 148
93.344084 718 134 149
93.367743 718 133 150
93.400083 717 134 150
93.586945 717 133 151
93.670164 716 134 151
93.700380 716 133 152
93.767351 715 134 152
93.801298 715 133 153
93.892069 714 134 153
93.921544 713 135 153
93.960228 712 136 153
94.009631 712 135 154
94.031416 711 136 154
94.062857 711 135 155
94.146271 710 136 155
94.151050 709 137 155
94.185377 709 136 156
94.228841 709 135 157
94.238783 709 134 158
94.314600 708 135 158
94.361263 707 136 158
94.386687 706 137 158
94.526007 705 138 158
94.555411 704 139 158
94.560547 703 140 158
94.694601 703 139 159
94.763775 702 140 159
94.816667 701 141 159
94.883793 700 142 159
94.916346 699 143 159
94.991582 699 142 160
95.082551 698 143 160
95.091651 698 142 161
95.127598 698 141 162
95.293376 698 140 163
95.295349 697 141 163
95.380527 696 142 163
95.539485 696 141 164
95.556896 695 142 164
95.620910 695 141 165
95.682238 694 142 165
95.720865 694 141 166
95.722419 693 142 166
95.730871 692 143 166
95.745047 692 142 167
95.843416 692 141 168
95.896370 691 142 168
96.118612 691 141 169
96.223116 691 140 170
96.239133 690 141 170
96.404198 689 142 170
96.530293 688 143 170
96.571168 687 144 170
96.592650 687 143 171
96.635786 686 144 171
96.770445 686 143 172
96.860818 686 142 173
96.915284 686 141 174
96.926234 686 140 175
97.018027 685 141 175
97.099494 685 140 176
97.153780 684 141 176
97.163373 683 142 176
97.196996 682 143 176
97.201718 681 144 176
97.271754 681 143 177
97.296066 681 142 178
97.335777 681 141 179
97.361648 680 142 179
97.391141 679 143 179
97.434615 678 144 179
97.436239 677 145 179
97.462623 676 146 179
97.503042 675 147 179
97.601755 674 148 179
97.632121 673 149 179
97.689695 672 150 179
97.740426 672 149 180
97.756271 672 148 181
97.770720 671 149 181
97.771854 670 150 181
97.808957 669 151 181
97.834366 668 152 181
97.859768 667 153 181
97.892706 667 152 182
98.015573 667 151 183
98.022326 666 152 183
98.038950 665 153 183
98.121809 665 152 184
98.134916 664 153 184
98.205996 663 154 184
98.216553 663 153 185
98.303385 663 152 186
98.331995 663 151 187
98.409330 663 150 188
98.477951 662 151 188
98.499360 662 150 189
98.898854 662 149 190
98.916754 661 150 190
98.937854 660 151 190
98.971965 660 150 191
98.991303 660 149 192
99.003147 659 150 192
99.007642 658 151 192
99.163370 658 150 193
99.206652 658 149 194
99.265448 657 150 194
99.306068 657 149 195
99.363962 656 150 195
99.392701 655 151 195
99.439120 654 152 195
99.477771 653 153 195
99.486722 653 152 196
99.521461 652 153 196
99.544887 651 154 196
99.573440 651 153 197
99.620326 651 152 198
99.730799 650 153 198
99.791710 649 154 198
99.808716 648 155 198
99.829161 647 156 198
99.832236 646 157 198
99.858667 646 156 199
99.866379 646 155 200
99.874259 646 154 201
99.949726 646 153 202
100.003841 646 152 203
100.045769 645 153 203
100.061309 644 154 203
100.161637 643 155 203
100.288550 642 156 203
100.550887 641 157 203
100.590610 641 156 204
100.648877 640 157 204
100.685403 639 158 204
100.795934 638 159 204
100.908336 638 158 205
100.917547 637 159 205
100.999920 636 160 205
101.002180 635 161 205
101.084508 634 162 205
101.109512 633 163 205
101.225476 633 162 206
101.417079 633 161 207
101.517948 633 160 208
101.634756 632 161 208
101.653070 631 162 208
101.724084 631 161 209
101.767951 630 162 209
101.804500 630 161 210
101.859719 629 162 210
101.873327 629 161 211
101.881867 629 160 212
102.091780 629 159 213
102.156984 628 160 213
102.197747 628 159 214
102.248513 627 160 214
102.249139 626 161 214
102.273875 625 162 214
102.295379 625 161 215
102.369135 624 162 215
102.378029 623 163 215
102.496932 622 164 215
102.537934 621 165 215
102.572801 620 166 215
102.854542 620 165 216
102.862217 620 164 217
103.023013 619 165 217
103.033556 619 164 218
103.067211 618 165 218
103.068319 617 166 218
103.075970 616 167 218
103.084440 616 166 219
103.094369 615 167 219
103.098727 615 166 220
103.120945 614 167 220
103.135677 613 168 220
103.311091 613 167 221
103.317604 613 166 222
103.367049 612 167 222
103.417226 612 166 223
103.461696 612 165 224
103.462764 612 164 225
103.620163 612 163 226
103.663953 612 162 227
103.685097 611 163 227
103.750293 610 164 227
103.819755 609 165 227
103.858748 609 164 228
103.865966 609 163 229
103.871308 608 164 229
103.873980 608 163 230
103.885930 608 162 231
103.916551 607 163 231
103.945687 607 162 232
103.975959 607 161 233
104.065021 607 160 234
104.090096 606 161 234
104.116110 605 162 234
104.143335 605 161 235
104.169062 604 162 235
104.171388 603 163 235
104.232373 603 162 236
104.261058 603 161 237
104.281810 603 160 238
104.443134 602 161 238
104.481614 602 160 239
104.566110 602 159 240
104.780249 601 160 240
104.810876 600 161 240
104.826745 599 162 240
104.905681 598 163 240
104.936833 597 164 240
104.960526 596 165 240
104.979690 596 164 241
105.053653 595 165 241
105.071599 594 166 241
105.203821 594 165 242
105.350294 593 166 242
105.399191 592 167 242
105.463444 591 168 242
105.498263 590 169 242
105.526756 590 168 243
105.533705 590 167 244
105.571159 589 168 244
105.622914 589 167 245
105.630412 588 168 245
105.688218 588 167 246
105.717921 588 166 247
105.734797 587 167 247
105.876677 587 166 248
105.949985 587 165 249
105.983317 587 164 250
106.204179 587 163 251
106.243582 587 162 252
106.435201 586 163 252
106.458396 586 162 253
106.482062 586 161 254
106.728199 586 160 255
106.919884 586 159 256
106.931818 585 160 256
106.966940 585 159 257
107.019005 585 158 258
107.052756 584 159 258
107.066511 583 160 258
107.123042 583 159 259
107.155971 582 160 259
107.185782 582 159 260
107.237722 581 160 260
107.243377 581 159 261
107.276982 580 160 261
107.317299 579 161 261
107.352786 579 160 262
107.536167 578 161 262
107.566946 578 160 263
107.603987 577 161 263
107.605287 576 162 263
107.616674 576 161 264
107.630156 575 162 264
107.704120 574 163 264
107.792519 574 162 265
107.868296 573 163 265
107.869459 572 164 265
107.872255 571 165 265
108.026902 570 166 265
108.140845 570 165 266
108.238272 570 164 267
108.271874 569 165 267
108.364206 568 166 267
108.404926 567 167 267
108.537987 567 166 268
108.543170 567 165 269
108.582964 566 166 269
108.672169 565 167 269
108.720038 564 168 269
108.748326 563 169 269
108.807490 562 170 269
108.868521 561 171 269
109.006123 560 172 269
109.022144 559 173 269
109.037790 559 172 270
109.105017 558 173 270
109.183793 558 172 271
109.205590 558 171 272
109.262418 557 172 272
109.482266 556 173 272
109.550409 555 174 272
109.592342 554 175 272
109.651298 553 176 272
109.656371 552 177 272
109.676880 551 178 272
109.729818 550 179 272
109.831927 550 178 273
109.850482 549 179 273
109.876641 548 180 273
109.991565 548 179 274
110.086594 547 180 274
110.169599 547 179 275
110.197958 547 178 276
110.369891 546 179 276
110.451159 546 178 277
110.457613 546 177 278
110.463825 545 178 278
110.558048 545 177 279
110.561604 544 178 279
110.616820 543 179 279
110.622606 542 180 279
110.732034 541 181 279
110.896564 541 180 280
110.912067 540 181 280
110.980814 540 180 281
110.985999 539 181 281
111.024146 538 182 281
111.028903 537 183 281
111.180962 537 182 282
111.211154 537 181 283
111.254762 537 180 284
111.286161 537 179 285
111.314254 536 180 285
111.329357 536 179 286
111.416396 536 178 287
111.504770 536 177 288
111.557653 536 176 289
111.665319 535 177 289
111.668837 534 178 289
111.859413 533 179 289
111.875424 532 180 289
111.894858 532 179 290
111.951747 531 180 290
111.973899 531 179 291
112.019316 530 180 291
112.026618 530 179 292
112.126888 530 178 293
112.145423 530 177 294
112.305690 529 178 294
112.330293 528 179 294
112.368060 527 180 294
112.435580 526 181 294
112.484445 526 180 295
112.535081 526 179 296
112.625410 526 178 297
112.683371 525 179 297
112.705692 525 178 298
112.719830 524 179 298
112.727982 524 178 299
112.732004 524 177 300
112.772700 524 176 301
112.837990 523 177 301
112.839799 522 178 301
112.914684 521 179 301
112.920471 520 180 301
112.922101 519 181 301
112.943095 518 182 301
112.961256 518 181 302
113.044554 517 182 302
113.073191 517 181 303
113.097604 517 180 304
113.116213 517 179 305
113.140142 516 180 305
113.246476 516 179 306
113.274601 516 178 307
113.324541 516 177 308
113.329037 516 176 309
113.332875 516 175 310
113.336284 516 174 311
113.402382 515 175 311
113.420302 515 174 312
113.447154 515 173 313
113.617945 515 172 314
113.632231 515 171 315
113.836840 514 172 315
113.945151 514 171 316
113.976161 514 170 317
114.036381 514 169 318
114.112079 513 170 318
114.148348 513 169 319
114.177171 513 168 320
114.549517 512 169 320
114.594576 512 168 321
114.631761 512 167 322
114.660478 512 166 323
114.751497 511 167 323
114.886512 511 166 324
114.988893 511 165 325
115.045054 510 166 325
115.410109 509 167 325
115.627823 508 168 325
115.716751 508 167 326
115.729947 507 168 326
115.748916 507 167 327
115.890296 507 166 328
115.945710 506 167 328
115.999023 506 166 329
116.008862 506 165 330
116.024904 505 166 330
116.055290 505 165 331
116.055452 505 164 332
116.093607 505 163 333
116.129170 504 164 333
116.132470 503 165 333
116.135329 503 164 334
116.263139 503 163 335
116.326135 503 162 336
116.351669 502 163 336
116.390648 502 162 337
116.434097 501 163 337
116.463032 501 162 338
116.470260 500 163 338
116.471734 499 164 338
116.546527 499 163 339
116.593119 499 162 340
116.655250 499 161 341
116.691082 499 160 342
116.895429 498 161 342
116.927389 498 160 343
116.930629 498 159 344
116.980516 497 160 344
117.126857 497 159 345
117.249475 497 158 346
117.445038 497 157 347
117.492112 496 158 347
117.530434 495 159 347
117.596257 495 158 348
117.603015 494 159 348
117.619874 494 158 349
117.626262 494 157 350
117.738637 494 156 351
117.756312 493 157 351
117.844329 493 156 352
117.864775 493 155 353
117.888551 492 156 353
117.893256 491 157 353
118.058767 491 156 354
118.205874 490 157 354
118.254102 490 156 355
118.279460 490 155 356
118.291763 489 156 356
118.292339 488 157 356
118.312053 487 158 356
118.542071 487 157 357
118.565221 486 158 357
118.614101 486 157 358
118.665135 485 158 358
118.717525 485 157 359
118.764328 484 158 359
118.777102 483 159 359
118.857611 483 158 360
118.925325 482 159 360
118.972611 482 158 361
119.012871 482 157 362
119.071898 481 158 362
119.108525 481 157 363
119.205592 481 156 364
119.329173 481 155 365
119.435385 480 156 365
119.469240 479 157 365
119.587236 478 158 365
119.588173 477 159 365
119.598476 476 160 365
119.613707 476 159 366
119.741499 475 160 366
119.760238 474 161 366
119.776156 473 162 366
119.836097 472 163 366
119.851600 471 164 366
120.150887 470 165 366
120.153488 469 166 366
120.202622 468 167 366
120.217712 467 168 366
120.252295 467 167 367
120.377036 467 166 368
120.404470 467 165 369
120.657092 466 166 369
120.680790 466 165 370
120.688921 466 164 371
120.696122 466 163 372
120.732706 465 164 372
120.847910 464 165 372
120.884802 464 164 373
120.888237 464 163 374
120.922736 464 162 375
120.989064 463 163 375
121.115473 463 162 376
121.130553 463 161 377
121.285557 462 162 377
121.572913 461 163 377
121.579493 460 164 377
121.584122 459 165 377
121.617518 458 166 377
121.967699 457 167 377
122.244155 457 166 378
122.279837 457 165 379
122.314621 456 166 379
122.318739 455 167 379
122.321192 455 166 380
122.349106 455 165 381
122.353224 454 166 381
122.382781 453 167 381
122.389332 452 168 381
122.407363 452 167 382
122.509071 451 168 382
122.558263 450 169 382
122.569438 450 168 383
122.573916 449 169 383
122.598510 449 168 384
122.629881 449 167 385
122.652293 448 168 385
122.718984 447 169 385
122.765992 446 170 385
122.878906 445 171 385
122.951216 444 172 385
122.964098 444 171 386
123.024180 444 170 387
123.172497 443 171 387
123.278129 443 170 388
123.371914 443 169 389
123.400916 443 168 390
123.544300 443 167 391
123.636550 443 166 392
123.647401 443 165 393
123.687518 443 164 394
123.751583 442 165 394
123.816950 441 166 394
123.864186 440 167 394
124.363118 439 168 394
124.483909 438 169 394
124.491429 438 168 395
124.534269 438 167 396
124.540551 437 168 396
124.630424 436 169 396
124.638369 435 170 396
124.650918 434 171 396
124.712231 434 170 397
124.774444 433 171 397
124.837615 433 170 398
124.871661 432 171 398
124.877740 432 170 399
124.936084 432 169 400
124.997415 431 170 400
125.001726 431 169 401
125.061553 431 168 402
125.116559 431 167 403
125.120214 431 166 404
125.163768 431 165 405
125.164684 430 166 405
125.180335 430 165 406
125.189388 430 164 407
125.198614 430 163 408
125.205905 429 164 408
125.212757 428 165 408
125.262622 428 164 409
125.278820 428 163 410
125.279363 428 162 411
125.924852 428 161 412
126.072002 428 160 413
126.133436 427 161 413
126.206815 426 162 413
126.227585 425 163 413
126.250901 425 162 414
126.329670 424 163 414
126.368795 424 162 415
126.397978 423 163 415
126.398922 423 162 416
126.457153 423 161 417
126.601200 423 160 418
126.642326 423 159 419
126.662590 423 158 420
126.678553 422 159 420
126.731698 422 158 421
126.754529 421 159 421
126.763558 420 160 421
126.848129 420 159 422
126.848374 420 158 423
127.066320 419 159 423
127.137320 418 160 423
127.286369 418 159 424
127.564065 418 158 425
127.566132 417 159 425
127.794046 416 160 425
127.892771 416 159 426
127.949214 416 158 427
128.016233 415 159 427
128.084617 415 158 428
128.110659 415 157 429
128.166543 414 158 429
128.249381 413 159 429
128.251629 412 160 429
128.274261 411 161 429
128.608904 411 160 430
128.651579 410 161 430
128.848390 410 160 431
128.859146 409 161 431
128.954481 409 160 432
129.098862 409 159 433
129.114565 409 158 434
129.129772 409 157 435
129.152094 408 158 435
129.177201 407 159 435
129.226610 406 160 435
129.321387 405 161 435
129.360236 404 162 435
129.381788 404 161 436
129.411740 404 160 437
129.454546 403 161 437
129.506795 402 162 437
129.539558 402 161 438
129.544103 401 162 438
129.659583 401 161 439
129.696133 401 160 440
129.722382 401 159 441
130.023263 401 158 442
130.101579 400 159 442
130.182262 399 160 442
130.487007 399 159 443
130.593997 398 160 443
131.051162 397 161 443
131.058861 396 162 443
131.173227 396 161 444
131.308670 395 162 444
131.389397 395 161 445
131.393188 394 162 445
131.399541 393 163 445
131.564020 392 164 445
131.615497 391 165 445
131.626493 391 164 446
131.679729 391 163 447
131.742977 391 162 448
131.764742 390 163 448
132.105987 389 164 448
132.304665 389 163 449
132.336608 389 162 450
132.464530 388 163 450
132.466296 388 162 451
132.629430 387 163 451
132.659107 386 164 451
132.738360 386 163 452
132.788867 385 164 452
132.883021 385 163 453
132.920002 385 162 454
132.935699 384 163 454
133.015974 383 164 454
133.068708 383 163 455
133.100111 383 162 456
133.129956 382 163 456
133.310058 381 164 456
133.327641 380 165 456
133.344904 380 164 457
133.372619 379 165 457
133.386125 379 164 458
133.565234 378 165 458
133.639391 377 166 458
133.679592 377 165 459
133.717174 376 166 459
133.740959 376 165 460
133.795295 376 164 461
133.797175 376 163 462
133.819338 375 164 462
133.823368 374 165 462
133.891143 373 166 462
133.945578 373 165 463
134.039067 373 164 464
134.113910 372 165 464
134.140567 372 164 465
134.252497 372 163 466
134.258362 372 162 467
134.259913 372 161 468
134.334999 372 160 469
134.355418 371 161 469
134.464315 370 162 469
134.506992 369 163 469
134.531958 368 164 469
134.577931 367 165 469
134.659620 367 164 470
134.733328 367 163 471
134.834655 366 164 471
134.942934 366 163 472
134.961275 366 162 473
135.099842 366 161 474
135.180233 365 162 474
135.322437 364 163 474
135.429849 363 164 474
135.439615 362 165 474
135.457424 361 166 474
135.532941 360 167 474
135.545393 360 166 475
135.636330 360 165 476
135.721999 359 166 476
135.748985 359 165 477
135.769561 359 164 478
135.841508 359 163 479
135.856333 358 164 479
135.878547 358 163 480
135.967326 358 162 481
135.984843 358 161 482
136.014074 358 160 483
136.054215 358 159 484
136.196417 358 158 485
136.435263 357 159 485
136.461672 356 160 485
136.515705 356 159 486
136.592726 355 160 486
136.630284 355 159 487
136.756699 354 160 487
136.820620 354 159 488
136.941981 354 158 489
136.951790 354 157 490
136.983366 354 156 491
137.032327 354 155 492
137.035537 354 154 493
137.218965 353 155 493
137.253751 353 154 494
137.335241 353 153 495
137.377028 352 154 495
137.377943 351 155 495
137.519369 350 156 495
137.762795 350 155 496
137.911127 350 154 497
137.970794 350 153 498
138.074533 350 152 499
138.143355 350 151 500
138.245113 349 152 500
138.676030 349 151 501
138.772102 348 152 501
138.787703 347 153 501
138.859130 346 154 501
139.032805 346 153 502
139.203340 346 152 503
139.205260 345 153 503
139.214605 345 152 504
139.278408 345 151 505
139.423052 344 152 505
139.460060 344 151 506
139.680858 344 150 507
140.095985 343 151 507
140.165141 343 150 508
140.387433 343 149 509
140.593865 343 148 510
140.797053 343 147 511
140.919842 342 148 511
140.964062 342 147 512
140.994357 342 146 513
141.190538 342 145 514
141.193390 342 144 515
141.218987 341 145 515
141.228515 340 146 515
141.316669 339 147 515
141.347188 339 146 516
141.397890 339 145 517
141.468308 339 144 518
141.508956 339 143 519
141.568194 339 142 520
141.629286 339 141 521
141.781323 339 140 522
141.817514 339 139 523
141.826730 339 138 524
141.892123 339 137 525
141.975181 338 138 525
142.030462 338 137 526
142.337236 338 136 527
142.383113 338 135 528
142.393650 338 134 529
142.408687 338 133 530
142.442243 337 134 530
142.460186 337 133 531
142.798059 336 134 531
142.810629 336 133 532
142.917560 335 134 532
142.976687 335 133 533
143.026823 334 134 533
143.089298 334 133 534
143.113638 334 132 535
143.124507 334 131 536
143.185893 334 130 537
143.383063 333 131 537
143.593338 332 132 537
143.719331 331 133 537
143.759349 330 134 537
143.857278 330 133 538
144.086471 330 132 539
144.227302 330 131 540
144.428098 330 130 541
144.477839 330 129 542
144.519752 329 130 542
144.550906 329 129 543
144.572217 328 130 543
144.619741 328 129 544
144.763503 328 128 545
144.769237 328 127 546
144.824789 327 128 546
144.848354 327 127 547
144.853445 327 126 548
145.055781 327 125 549
145.147302 327 124 550
145.233483 327 123 551
145.262170 326 124 551
145.421770 326 123 552
145.507594 326 122 553
145.531224 325 123 553
145.669619 324 124 553
145.771402 323 125 553
145.792795 323 124 554
145.967745 322 125 554
146.013660 321 126 554
146.088873 320 127 554
146.158696 320 126 555
146.200542 320 125 556
146.315457 320 124 557
146.421925 320 123 558
146.440800 319 124 558
146.452054 318 125 558
146.511613 317 126 558
146.516623 316 127 558
146.710763 315 128 558
146.741493 315 127 559
146.757493 315 126 560
146.840832 315 125 561
147.191537 315 124 562
147.237487 315 123 563
147.348815 315 122 564
147.349858 315 121 565
147.383593 314 122 565
147.633763 313 123 565
147.645793 313 122 566
147.674156 313 121 567
147.882867 312 122 567
147.904306 312 121 568
148.029023 312 120 569
148.127025 312 119 570
148.135393 312 118 571
148.150748 311 119 571
148.358957 311 118 572
148.405447 310 119 572
148.506326 310 118 573
148.555135 310 117 574
148.603247 310 116 575
148.627201 309 117 575
148.823604 308 118 575
148.867594 308 117 576
148.976078 308 116 577
148.982600 308 115 578
148.990090 308 114 579
149.084840 308 113 580
149.110940 307 114 580
149.336017 307 113 581
149.345699 307 112 582
149.359245 307 111 583
149.389203 306 112 583
149.482261 306 111 584
149.648258 305 112 584
150.045988 304 113 584
150.067995 303 114 584
150.083106 302 115 584
150.277898 302 114 585
150.475125 301 115 585
150.583904 300 116 585
150.765025 299 117 585
150.877919 299 116 586
151.055463 298 117 586
151.081083 298 116 587
151.152137 297 117 587
151.188335 296 118 587
151.227301 296 117 588
151.335026 295 118 588
151.340877 294 119 588
151.433827 294 118 589
151.443550 294 117 590
151.665461 294 116 591
151.675631 294 115 592
151.734959 293 116 592
151.787294 292 117 592
151.856973 292 116 593
151.932437 291 117 593
151.937846 291 116 594
151.958670 291 115 595
152.384344 291 114 596
152.436685 290 115 596
152.541578 290 114 597
152.640236 289 115 597
152.708828 289 114 598
153.034558 289 113 599
153.187138 288 114 599
153.246958 288 113 600
153.275882 288 112 601
153.398005 288 111 602
153.437651 287 112 602
153.595842 286 113 602
153.695971 286 112 603
153.752285 286 111 604
153.779635 286 110 605
153.950549 286 109 606
154.146468 285 110 606
154.319018 284 111 606
154.405894 284 110 607
154.518496 284 109 608
154.538925 284 108 609
154.666716 283 109 609
154.741168 283 108 610
154.809299 283 107 611
154.816921 283 106 612
154.961396 282 107 612
155.099936 281 108 612
155.180929 280 109 612
155.245700 280 108 613
155.250570 280 107 614
155.369027 280 106 615
155.446069 280 105 616
155.452138 280 104 617
155.476062 279 105 617
155.479547 279 104 618
155.709687 279 103 619
155.735946 279 102 620
156.015474 278 103 620
156.106127 278 102 621
156.173628 278 101 622
156.206228 278 100 623
156.260790 278 99 624
156.318121 277 100 624
156.685350 276 101 624
156.764086 276 100 625
156.806995 276 99 626
156.855776 276 98 627
157.193712 276 97 628
157.200405 276 96 629
157.260767 276 95 630
157.396363 276 94 631
157.486461 276 93 632
157.493576 276 92 633
157.626802 275 93 633
157.651661 275 92 634
157.720601 274 93 634
157.847756 273 94 634
157.850951 273 93 635
157.976846 273 92 636
158.009396 272 93 636
158.042788 271 94 636
158.079997 271 93 637
158.314775 270 94 637
158.428725 269 95 637
158.461165 269 94 638
158.530364 269 93 639
158.601317 268 94 639
158.707254 268 93 640
158.751105 268 92 641
158.763634 268 91 642
158.800491 268 90 643
158.829585 268 89 644
158.844032 267 90 644
158.925985 267 89 645
158.962993 267 88 646
158.992693 267 87 647
159.031023 266 88 647
159.083374 266 87 648
159.119197 265 88 648
159.255260 265 87 649
159.743402 265 86 650
159.888009 264 87 650
160.255842 263 88 650
160.486876 263 87 651
160.565449 263 86 652
160.847567 262 87 652
160.855380 262 86 653
160.933604 262 85 654
161.096546 261 86 654
161.220907 261 85 655
161.359928 261 84 656
161.482235 260 85 656
161.494040 260 84 657
161.518606 260 83 658
161.538432 260 82 659
161.543886 260 81 660
161.774211 260 80 661
161.945458 260 79 662
162.003966 260 78 663
162.282115 260 77 664
162.291528 259 78 664
162.499406 258 79 664
162.618687 258 78 665
162.714044 257 79 665
162.761512 256 80 665
162.941000 255 81 665
163.086434 255 80 666
163.312885 254 81 666
163.386763 254 80 667
163.610073 254 79 668
163.797039 253 80 668
163.966159 253 79 669
163.982087 253 78 670
164.068663 253 77 671
164.106398 253 76 672
164.599890 252 77 672
164.908764 252 76 673
165.174052 252 75 674
165.176624 252 74 675
165.280530 251 75 675
165.664294 251 74 676
165.727036 250 75 676
165.902110 249 76 676
165.907063 248 77 676
166.136151 248 76 677
166.204836 248 75 678
166.346257 247 76 678
166.991397 247 75 679
167.108042 247 74 680
167.118380 247 73 681
167.409082 247 72 682
167.479396 246 73 682
167.572445 245 74 682
167.678475 245 73 683
167.806337 244 74 683
167.891398 243 75 683
168.056457 242 76 683
168.114871 242 75 684
168.304436 241 76 684
168.397738 241 75 685
168.740757 241 74 686
168.839378 240 75 686
169.379409 239 76 686
169.464125 238 77 686
169.578487 238 76 687
169.594479 237 77 687
169.881737 237 76 688
170.208870 237 75 689
170.311421 236 76 689
170.390601 236 75 690
170.495813 235 76 690
171.097501 235 75 691
171.210765 234 76 691
171.445280 234 75 692
171.473269 233 76 692
171.682408 233 75 693
171.781340 232 76 693
172.097049 232 75 694
172.270600 231 76 694
172.915666 230 77 694
173.111838 230 76 695
173.160970 230 75 696
173.275866 230 74 697
173.318674 230 73 698
173.517988 230 72 699
173.638993 230 71 700
173.985370 230 70 701
174.237357 230 69 702
174.406195 230 68 703
174.412616 229 69 703
174.435468 229 68 704
174.555061 228 69 704
174.591881 227 70 704
174.791130 227 69 705
175.119485 227 68 706
175.335789 227 67 707
175.560104 226 68 707
175.719381 226 67 708
175.887328 226 66 709
176.341225 225 67 709
176.682710 225 66 710
176.684124 225 65 711
176.735130 225 64 712
177.350882 225 63 713
177.363634 225 62 714
177.796160 224 63 714
177.816689 223 64 714
177.827480 223 63 715
178.262863 223 62 716
178.316554 223 61 717
178.406451 223 60 718
178.434620 223 59 719
178.462870 223 58 720
178.553160 223 57 721
178.670685 223 56 722
178.705891 222 57 722
178.980741 222 56 723
179.139358 222 55 724
179.399149 222 54 725
179.703021 222 53 726
179.724038 222 52 727
179.770026 222 51 728
179.816325 222 50 729
180.096484 222 49 730
180.194957 222 48 731
180.261185 222 47 732
180.467478 221 48 732
180.949197 220 49 732
181.282698 220 48 733
181.327611 220 47 734
181.776599 220 46 735
182.962568 220 45 736
182.984008 220 44 737
183.323517 219 45 737
183.715367 219 44 738
184.282497 218 45 738
184.826310 218 44 739
184.885332 218 43 740
185.678145 218 42 741
185.726243 218 41 742
185.842477 218 40 743
186.112667 217 41 743
186.187015 216 42 743
187.741149 216 41 744
187.779827 216 40 745
188.599907 216 39 746
188.645016 216 38 747
188.748027 216 37 748
189.395704 215 38 748
189.764378 215 37 749
190.078913 215 36 750
192.361504 214 37 750
192.648102 214 36 751
192.850998 214 35 752
193.123259 213 36 752
193.235976 212 37 752
193.700447 212 36 753
193.918399 212 35 754
194.560063 212 34 755
195.030647 211 35 755
195.072976 211 34 756
195.651254 211 33 757
195.800342 211 32 758
196.124874 210 33 758
196.830860 210 32 759
197.433764 210 31 760
198.266353 210 30 761
198.698612 209 31 761
198.964842 209 30 762
199.476994 208 31 762
199.853506 207 32 762
